011110
100001
100011
100101
101101
101001
110001
100001
011110
000100
001100
010100
000100
000100
000100
000100
000100
011111
011110
100001
100001
000001
000010
001100
010000
100000
111111
011110
100001
000001
000001
001110
000001
000001
100001
011110
000010
000010
000110
001010
010010
100010
111111
000010
000010
111111
100000
100000
111100
000010
000001
000001
100010
011100
001111
010000
100000
100000
111110
100001
100001
100001
011110
111111
100001
000001
000010
000100
001000
001000
001000
001000
011110
100001
100001
100001
011110
100001
100001
100001
011110
011110
100001
100001
100001
011111
000001
000001
000010
111100