30
2 1 19 15 22 18 0 0
1 1 3 1 4 2 6 4
2 1 7 5 0 0 0 0
2 2 5 3 0 0 0 0
4 3 23 20 0 0 0 0
2 4 0 0 0 0 0 0
3 5 8 6 0 0 0 0
7 6 9 7 0 0 0 0
8 7 10 7 25 7 0 0
9 7 11 8 15 12 0 0
10 8 12 9 16 12 0 0
11 9 13 10 0 0 0 0
12 10 14 11 0 0 0 0
13 11 0 0 0 0 0 0
10 12 0 0 0 0 0 0
11 12 17 13 0 0 0 0
16 13 18 14 0 0 0 0
17 14 0 0 0 0 0 0
1 15 20 16 0 0 0 0
19 16 21 17 0 0 0 0
20 17 0 0 0 0 0 0
1 18 23 19 27 23 29 27
5 20 22 19 0 0 0 0
25 21 0 0 0 0 0 0
9 7 24 21 26 22 0 0
25 22 0 0 0 0 0 0
22 23 28 24 29 25 0 0
27 24 30 26 0 0 0 0
22 27 27 25 0 0 0 0
28 26 0 0 0 0 0 0
